DEDICATORIA 5

111 1111 11111111,Ρ111111[ 111111111111111
111111111,111]11111];1111]111111 1111111-
11111]1111111111 111111111111111111111
11111111 111111, 1111111111 111111111111111 111·
11111111111111111111ί111,11· 11111 11]]1111
1111111111 111111111ζῖ 1111111111 11111111, 111
111111111111111 1111111111 ]11 ,5111111
11111111111111]1]111111111 111111111111
1111111111,]1111111111111111111· 11
11111111,(16’]11111[1]1111111111111111 1111111111
1111111111111111111111111111111111111,1]11111
1111111111111111111111111111611111
1111111111111111111,11·1111ἶ]111·11111111111111.
1111111111111111111111,1111111111, 1111111
1111111111111111111111111111111,1111111·
1111.- 1111111111111111111 6111111111111111-
utilem7·777'c777777,77777ffi7fi777777⁴77777difflo-
1111111111,111]11]1’111111111111111111,11·111
1111111111 11111111111111111,11111]1]1111111
1111111111111111111111111])1111111111115111
1111111111111 11111· 1111111111111111 11 1111
1111111111]1111111,]1111111[1111Ε1111111
11]]11111111,111’111111,111] 11]]1111111111 affl
11111111[11111111 11]·[11111111 ostend 11111111
(111111111111111111111 [11111111] 11
111 7

 

